4 0.7301815189001231 0.545950895642682 0.14683723414810515 0.3233756361125316
4 0.607372195794435 0.5134130994394086 0.06941396523364972 0.1822116587383305
4 0.4932396183429531 0.5054037957586028 0.08943722443566347 0.20223491794034462
4 0.0627395454996451 0.536439847521725 0.09611164416966884 0.2562977177857836
4 0.12948374283969258 0.5309334512411705 0.12280932310568754 0.2933407473095098
4 0.4024675099604881 0.5129125179593581 0.08142792075485769 0.17720584393782715
4 0.8076047878145785 0.4793735587959842 0.026697678936019143 0.07008140720705029
4 0.2761027257011347 0.582969296550048 0.2299218427546817 0.49226856076963943
1 0.6160726299452367 0.7642538264143154 0.7644409985604373 0.28298072954422265
3 0.5990966989331209 0.37085936805445774 0.05385138866814573 0.0542721026421165
