0 0.22163865546218486 0.5266981792717087 0.07119514472455649 0.04044117647058824
2 0.5678104575163399 0.561624649859944 0.12068160597572362 0.07878151260504201
4 0.16830065359477125 0.5930497198879552 0.07889822595704948 0.14583333333333334
4 0.03314659197012138 0.5395658263305322 0.024743230625583566 0.06022408963585434
4 0.008520074696545284 0.5431547619047619 0.017040149393090568 0.05374649859943978
4 0.12208216619981326 0.5370273109243697 0.027544351073762838 0.0586484593837535
4 0.14904295051353875 0.5216211484593838 0.025910364145658265 0.03939075630252101
1 0.12511671335200747 0.5925245098039216 0.02707749766573296 0.048144257703081235
1 0.09605508870214753 0.5870098039215687 0.03104575163398693 0.058823529411764705
1 0.21953781512605042 0.5778186274509803 0.03431372549019608 0.05654761904761905
1 0.028944911297852476 0.5920868347338936 0.05788982259570495 0.056372549019607844
1 0.29563492063492064 0.5828956582633054 0.10620915032679738 0.03939075630252101