0 0.819327731092437 0.5225840336134454 0.36087768440709617 0.12920168067226892
1 0.42839108309990664 0.5336925070028011 0.41793996265172734 0.038673529411764704
0 0.09873949579831932 0.5078781512605042 0.19747899159663865 0.109593837535014
0 0.2372782446311858 0.45955882352941174 0.09873949579831932 0.046218487394957986
0 0.3397525676937442 0.45491946778711484 0.007703081232492998 0.03658963585434174
0 0.386671335200747 0.45491946778711484 0.01657329598506069 0.03238795518207283
0 0.2930672268907563 0.4581582633053221 0.032913165266106444 0.0350140056022409
0 0.4510971055088702 0.4570203081232493 0.009570494864612512 0.02188375350140056
0 0.4214519140989729 0.45456932773109243 0.046451914098972924 0.035889355742296916
4 0.6556956115779645 0.4569327731092437 0.011204481792717087 0.03431372549019608
4 0.6695845004668534 0.45570728291316526 0.01984126984126984 0.03011204481792717