4 0.21486928104575165 0.5956757703081232 0.046451914098972924 0.09891456582633053
5 0.2647058823529412 0.4996498599439776 0.01027077497665733 0.01680672268907563
4 0.27240896358543415 0.5563725490196079 0.028944911297852476 0.0430672268907563
4 0.3014705882352941 0.5582107843137255 0.02030812324929972 0.05024509803921569
4 0.41795051353874885 0.5875350140056023 0.04225023342670402 0.09278711484593838
4 0.18744164332399627 0.5587359943977591 0.02707749766573296 0.0467436974789916
4 0.5560224089635855 0.5767682072829131 0.03688141923436041 0.08245798319327731
0 0.47502334267040147 0.5509453781512605 0.0611577964519141 0.03851540616246499
0 0.6114612511671336 0.5320378151260504 0.059990662931839404 0.01680672268907563
0 0.8052054154995332 0.5378490371148459 0.035247432306255835 0.01743918067226891
4 0.04411764705882353 0.563375350140056 0.026143790849673203 0.05287114845938375